30
1
0
0.05
5
21
0.402722
0.478114
0.46932
0.513128
0.524498
0.426809
0.164305
0.206407
0.21924
0.244676
0.230022
0.226172
0.266771
0.247539
0.238835
0.225714
0.208179
0.200515
0.202241
0.202639
0.197299
*****
501.469
518.121
518.542
562.249
473.207
286.845
638.035
607.965
586.848
564.271
538.686
500.359
449.236
437.473
412.032
376.789
342.779
316.006
300.663
258.97
253.915
*****
1492.67
2723.93
1976.21
2966.42
2584.34
1614.71
1530.26
1542.21
1424.44
1315.88
1317.95
1354.05
1095.74
1074.64
1019.45
943.04
868.677
812.293
783.63
876.541
941.024
*****
2266.95
2757.08
2604.12
2304.21
1956.34
1730
2319.86
1906.71
1876.02
1874.69
1674.18
1651.28
1627.26
1584.01
1566.01
1519.98
1449.89
1388.31
1365.93
1210.35
1134.85
*****
7800.43
4035.27
4196.87
3546.76
3073.31
2272.2
2943.96
2689.69
2524.95
1981.13
1814.25
2035.09
1690.91
1634.02
1657.68
1682.06
1685.92
1678.91
1717.31
1876.65
1757.03
*****
