0.000 0.000 0.000
304.800 0.000 0.000
304.800 152.400 0.000
0.000 152.400 0.000
26.997 63.338 0.000
49.639 63.338 0.000
39.406 121.704 0.000
103.089 62.773 0.000
125.511 62.773 0.000
114.300 86.057 0.000
114.300 122.040 0.000
142.617 63.338 0.000
142.617 93.109 0.000
142.617 122.880 0.000
201.603 62.689 0.000
183.969 94.034 0.000
190.500 123.866 0.000
216.928 69.940 0.000
229.569 94.520 0.000
216.928 118.399 0.000
255.028 64.185 0.000
274.692 64.185 0.000
255.028 92.407 0.000
255.028 119.218 0.000
