0.000 0.000 0.000
304.800 0.000 0.000
304.800 152.400 0.000
0.000 152.400 0.000
38.535 64.185 0.000
38.535 95.229 0.000
38.535 124.157 0.000
65.967 64.851 0.000
65.967 123.433 0.000
89.263 123.433 0.000
103.089 62.773 0.000
125.511 62.773 0.000
114.300 86.057 0.000
114.300 122.040 0.000
140.643 64.851 0.000
140.643 123.433 0.000
163.939 123.433 0.000
190.065 64.185 0.000
190.065 95.229 0.000
190.065 124.157 0.000
255.028 64.185 0.000
274.692 64.185 0.000
255.028 92.407 0.000
255.028 119.218 0.000
